LINE,0.72136986,0.48946115,0.8493104,127,161,177,211
RECTANGLE,0.9599821,0.56064785,0.48072612,399,519,50,50
CIRCLE,0.2520181,0.29666364,0.07852152,698,423,30
CIRCLE,0.5794645,0.18257684,0.37891245,376,334,30
CIRCLE,0.91572535,0.32139054,0.370571,330,63,30
CIRCLE,0.37604702,0.99204963,0.44458914,586,436,30
LINE,0.38854492,0.25864205,0.737269,689,100,739,150
RECTANGLE,0.29049385,0.44634795,0.410303,588,207,50,50
RECTANGLE,0.96011937,0.632909,0.4889151,338,456,50,50
LINE,0,0.6,1,300,200,420,200
LINE,0,0.6,1,300,200,300,350
LINE,0,0.6,1,300,350,420,350
LINE,0,0.6,1,300,200,420,200
LINE,0,0.6,1,300,200,300,350
LINE,0,0.6,1,300,350,420,350
LINE,0,0.6,1,300,200,420,200
LINE,0,0.6,1,300,200,300,350
LINE,0,0.6,1,300,350,420,350
LINE,0,0.6,1,300,200,420,200
LINE,0,0.6,1,300,200,300,350
LINE,0,0.6,1,300,350,420,350
